0   4   8   12  64  68  72  76  -       zeros
1   5   9   13  65  69  73  77  - R     25
2   6   10  14  66  70  74  78  - R     50
3   7   11  15  67  71  75  79  - R     100

16  20  24  28  80  84  88  92  - G     25
17  21  25  29  81  85  89  93  - 3     25
18  22  26  30  82  86  90  94  - 4     50
19  23  27  31  83  87  91  95  - 5     100

32  36  40  44  96  100 104 108 - G     50
33  37  41  45  97  101 105 109 - 2     25
34  38  42  46  48  102 106 110 - 3     50
35  39  43  47  99  103 107 111 - 4     100

48  52  56  60  112 116 120 124 - G     100
49  53  57  61  113 117 121 125 - 1     50
50  54  58  62  114 118 122 126 - 2     50
51  55  59  63  115 119 123 127 - 3     100

+1      - more red
+16     - more green
